
20	1000	399	798	1.	0.05	61440
20	1000	564	1128	0.	0.04	61440
20	1000	691	1382	0.	0.05	61440
30	1000	325	650	0.	0.08	61440
30	1000	460	920	0.	0.1	61440
30	1000	564	1128	0.	0.1	61440
40	1000	282	564	0.	0.11	61440
40	1000	399	798	0.	0.14	61440
40	1000	488	976	0.	0.16	61440
50	1000	252	504	1.	0.16	61440
50	1000	356	712	0.	0.21	61440
50	1000	437	874	0.	0.25	61440
60	1000	230	460	0.	0.23	61440
60	1000	325	650	1.	0.3	61440
60	1000	399	798	0.	0.35	61440
70	1000	213	426	0.	0.3	61440
70	1000	301	602	1.	0.38	61440
70	1000	369	738	0.	0.47	122880
80	1000	199	398	1.	0.38	61440
80	1000	282	564	0.	0.48	122880
80	1000	345	690	1.	0.61	122880
90	1000	188	376	0.	0.4	122880
90	1000	266	532	1.	0.53	122880
90	1000	325	650	0.	0.66	122880
100	1000	178	356	1.	0.47	122880
100	1000	252	504	1.	0.62	122880
100	1000	309	618	0.	0.75	122880
110	1000	170	340	1.	0.54	122880
110	1000	240	480	1.	0.73	122880
110	1000	294	588	0.	0.85	122880
120	1000	162	324	1.	0.62	122880
120	1000	230	460	1.	0.85	122880
120	1000	282	564	1.	1.01	184320
130	1000	156	312	1.	0.69	184320
130	1000	221	442	1.	0.91	184320
130	1000	271	542	1.	1.11	184320
140	1000	150	300	0.	0.76	184320
140	1000	213	426	1.	1.	184320
140	1000	261	522	2.	1.21	184320
150	1000	145	290	1.	0.83	184320
150	1000	206	412	1.	1.12	184320
150	1000	252	504	1.	1.33	184320
160	1000	141	282	1.	0.91	184320
160	1000	199	398	1.	1.22	184320
160	1000	244	488	2.	1.54	184320
170	1000	136	272	1.	0.97	184320
170	1000	193	386	1.	1.32	245760
170	1000	237	474	2.	1.67	245760
180	1000	133	266	1.	1.07	245760
180	1000	188	376	1.	1.43	245760
180	1000	230	460	2.	1.82	245760
190	1000	129	258	1.	1.13	245760
190	1000	183	366	2.	1.52	245760
190	1000	224	448	2.	1.91	307200
200	1000	126	252	1.	1.24	245760
200	1000	178	356	2.	1.64	245760
200	1000	218	436	2.	2.73	307200
210	1000	123	246	2.	1.74	307200
210	1000	174	348	2.	1.82	307200
210	1000	213	426	2.	2.28	307200
220	1000	120	240	2.	1.45	307200
220	1000	170	340	2.	1.95	307200
220	1000	208	416	2.	2.44	368640
230	1000	117	234	2.	1.57	307200
230	1000	166	332	2.	2.11	307200
230	1000	203	406	2.	2.62	368640
240	1000	115	230	2.	1.76	368640
240	1000	162	324	2.	2.23	368640
240	1000	199	398	3.	2.72	368640
250	1000	112	224	2.	1.75	368640
250	1000	159	318	2.	2.37	368640
250	1000	195	390	3.	2.86	430080
260	1000	110	220	2.	1.86	368640
260	1000	156	312	2.	2.55	368640
260	1000	191	382	3.	3.11	430080
270	1000	108	216	2.	1.96	430080
270	1000	153	306	2.	2.66	430080
270	1000	188	376	3.	3.22	430080
280	1000	106	212	3.	2.11	430080
280	1000	150	300	3.	2.89	430080
280	1000	184	368	3.	3.48	491520
290	1000	104	208	2.	2.17	430080
290	1000	148	296	3.	2.97	491520
290	1000	181	362	4.	3.66	491520
300	1000	103	206	2.	2.29	491520
300	1000	145	290	3.	3.1	491520
300	1000	178	356	4.	3.75	552960
310	1000	101	202	2.	2.41	491520
310	1000	143	286	4.	3.28	552960
310	1000	175	350	4.	4.05	552960
320	1000	99	198	2.	2.54	552960
320	1000	141	282	4.	3.43	552960
320	1000	172	344	4.	4.2	552960
330	1000	98	196	3.	2.64	552960
330	1000	138	276	3.	3.47	552960
330	1000	170	340	4.	4.35	614400
340	1000	96	192	3.	2.77	614400
340	1000	136	272	4.	3.67	614400
340	1000	167	334	4.	4.51	614400
350	1000	95	190	3.	2.84	614400
350	1000	134	268	4.	3.69	614400
350	1000	165	330	5.	4.7	675840
360	1000	94	188	3.	2.97	675840
360	1000	133	266	4.	3.87	675840
360	1000	162	324	4.	4.8	675840
370	1000	92	184	3.	3.1	675840
370	1000	131	262	4.	4.07	737280
370	1000	160	320	5.	5.09	737280
380	1000	91	182	3.	3.18	737280
380	1000	129	258	4.	4.19	737280
380	1000	158	316	5.	5.18	737280
390	1000	90	180	4.	3.27	737280
390	1000	127	254	4.	4.33	798720
390	1000	156	312	5.	5.35	798720
400	1000	89	178	4.	3.41	798720
400	1000	126	252	4.	4.52	798720
400	1000	154	308	6.	5.56	798720
410	1000	88	176	3.	3.5	798720
410	1000	124	248	5.	4.67	860160
410	1000	152	304	6.	5.65	860160
420	1000	87	174	3.	3.64	860160
420	1000	123	246	5.	4.83	860160
420	1000	150	300	6.	5.91	921600
430	1000	86	172	4.	3.75	921600
430	1000	121	242	5.	4.99	921600
430	1000	149	298	6.	6.2	983040
440	1000	85	170	4.	3.86	921600
440	1000	120	240	5.	5.09	921600
440	1000	147	294	6.	6.34	983040
450	1000	84	168	4.	3.95	983040
450	1000	118	236	6.	5.23	983040
450	1000	145	290	6.	6.44	983040
460	1000	83	166	4.	4.09	1044480
460	1000	117	234	5.	5.39	1044480
460	1000	144	288	6.	6.64	1044480
470	1000	82	164	4.	4.21	1044480
470	1000	116	232	6.	5.54	1044480
470	1000	142	284	7.	6.83	1105920
480	1000	81	162	4.	4.33	1105920
480	1000	115	230	6.	5.74	1105920
480	1000	141	282	7.	6.92	1167360
490	1000	80	160	4.	4.42	1105920
490	1000	114	228	6.	5.88	1167360
490	1000	139	278	7.	7.07	1167360
500	1000	79	158	5.	4.5	1167360
500	1000	112	224	6.	5.92	1167360
500	1000	138	276	7.	7.21	1228800
510	1000	79	158	5.	4.63	1228800
510	1000	111	222	6.	6.04	1228800
510	1000	136	272	7.	7.36	1228800
520	1000	78	156	5.	4.69	1228800
520	1000	110	220	6.	6.14	1290240
520	1000	135	270	7.	7.53	1290240
530	1000	77	154	5.	4.85	1290240
530	1000	109	218	7.	6.35	1351680
530	1000	134	268	7.	7.75	1351680
540	1000	76	152	5.	4.88	1351680
540	1000	108	216	7.	6.38	1351680
540	1000	133	266	8.	7.88	1413120
550	1000	76	152	5.	4.98	1351680
550	1000	107	214	6.	6.54	1413120
550	1000	131	262	8.	8.01	1474560
560	1000	75	150	5.	5.1	1413120
560	1000	106	212	7.	6.69	1474560
560	1000	130	260	8.	8.19	1474560
570	1000	74	148	5.	5.2	1474560
570	1000	105	210	7.	6.81	1536000
570	1000	129	258	9.	8.31	1536000
580	1000	74	148	5.	5.35	1536000
580	1000	104	208	7.	6.93	1536000
580	1000	128	256	8.	8.54	1597440
590	1000	73	146	6.	5.43	1597440
590	1000	103	206	7.	7.05	1597440
590	1000	127	254	9.	8.66	1597440
600	1000	72	144	5.	5.52	1597440
600	1000	103	206	7.	7.35	1658880
600	1000	126	252	9.	8.98	1658880
610	1000	72	144	6.	5.64	1658880
610	1000	102	204	8.	7.4	1720320
610	1000	125	250	9.	9.1	1720320
620	1000	71	142	5.	5.76	1720320
620	1000	101	202	8.	7.58	1781760
620	1000	124	248	9.	9.32	1781760
630	1000	71	142	6.	5.92	1781760
630	1000	100	200	8.	7.59	1781760
630	1000	123	246	9.	9.44	1843200
640	1000	70	140	6.	6.	1843200
640	1000	99	198	8.	7.79	1843200
640	1000	122	244	10.	9.62	1904640
650	1000	69	138	6.	6.04	1843200
650	1000	98	196	8.	7.91	1904640
650	1000	121	242	10.	9.77	1966080
660	1000	69	138	6.	6.2	1904640
660	1000	98	196	8.	8.16	1966080
660	1000	120	240	10.	9.97	2027520
670	1000	68	136	6.	6.27	1966080
670	1000	97	194	8.	8.25	2027520
670	1000	119	238	11.	10.15	2027520
680	1000	68	136	6.	6.41	2027520
680	1000	96	192	8.	8.35	2088960
680	1000	118	236	11.	10.18	2088960
690	1000	67	134	6.	6.64	2088960
690	1000	96	192	9.	8.74	2150400
690	1000	117	234	11.	10.6	2150400
700	1000	67	134	6.	6.68	2150400
700	1000	95	190	9.	8.65	2150400
700	1000	116	232	11.	10.58	2211840
710	1000	66	132	6.	6.66	2211840
710	1000	94	188	9.	8.79	2273280
710	1000	116	232	11.	10.78	2334720
720	1000	66	132	7.	6.84	2273280
720	1000	94	188	9.	9.09	2334720
720	1000	115	230	11.	11.15	2334720
730	1000	66	132	7.	6.92	2334720
730	1000	93	186	9.	9.11	2396160
730	1000	114	228	11.	11.13	2396160
740	1000	65	130	7.	7.03	2396160
740	1000	92	184	9.	9.22	2396160
740	1000	113	226	11.	11.3	2457600
750	1000	65	130	7.	7.2	2457600
750	1000	92	184	10.	9.52	2519040
750	1000	112	224	11.	11.6	2519040
760	1000	64	128	7.	7.19	2519040
760	1000	91	182	10.	9.5	2580480
760	1000	112	224	12.	11.69	2580480
770	1000	64	128	7.	7.32	2580480
770	1000	90	180	9.	9.53	2580480
770	1000	111	222	11.	11.76	2641920
780	1000	63	126	8.	7.41	2641920
780	1000	90	180	9.	9.7	2641920
780	1000	110	220	12.	11.87	2703360
790	1000	63	126	8.	7.59	2703360
790	1000	89	178	10.	9.88	2703360
790	1000	109	218	12.	12.14	2764800
800	1000	63	126	8.	7.72	2764800
800	1000	89	178	10.	10.08	2826240
800	1000	109	218	12.	12.37	2826240
810	1000	62	124	8.	7.82	2826240
810	1000	88	176	10.	10.14	2887680
810	1000	108	216	13.	12.5	2887680
820	1000	62	124	8.	7.95	2887680
820	1000	88	176	10.	10.36	2949120
820	1000	107	214	13.	12.52	2949120
830	1000	61	122	8.	8.02	2949120
830	1000	87	174	10.	10.47	3010560
830	1000	107	214	13.	12.86	3010560
840	1000	61	122	8.	8.12	3010560
840	1000	87	174	11.	10.63	3072000
840	1000	106	212	13.	12.92	3072000
850	1000	61	122	8.	8.3	3072000
850	1000	86	172	11.	10.7	3133440
850	1000	106	212	13.	13.21	3194880
860	1000	60	120	8.	8.37	3194880
860	1000	86	172	11.	10.91	3194880
860	1000	105	210	14.	13.33	3256320
870	1000	60	120	8.	8.47	3194880
870	1000	85	170	11.	11.05	3256320
870	1000	104	208	14.	13.51	3317760
880	1000	60	120	8.	8.68	3317760
880	1000	85	170	12.	11.26	3379200
880	1000	104	208	13.	13.78	3379200
890	1000	59	118	9.	8.7	3379200
890	1000	84	168	11.	11.28	3440640
890	1000	103	206	14.	13.81	3440640
900	1000	59	118	9.	8.85	3440640
900	1000	84	168	12.	11.44	3502080
900	1000	103	206	14.	14.05	3502080
910	1000	59	118	9.	8.99	3563520
910	1000	83	166	11.	11.63	3563520
910	1000	102	204	15.	14.24	3624960
920	1000	58	116	9.	8.97	3624960
920	1000	83	166	11.	11.72	3624960
920	1000	101	202	15.	14.28	3686400
930	1000	58	116	9.	9.09	3686400
930	1000	82	164	12.	11.93	3686400
930	1000	101	202	14.	14.73	3747840
940	1000	58	116	10.	9.39	3747840
940	1000	82	164	12.	12.33	3809280
940	1000	100	200	15.	14.95	3870720
950	1000	57	114	10.	9.42	3809280
950	1000	81	162	12.	12.35	3870720
950	1000	100	200	15.	15.14	3870720
960	1000	57	114	9.	9.39	3932160
960	1000	81	162	12.	12.33	3932160
960	1000	99	198	15.	15.05	3993600
970	1000	57	114	10.	9.61	3993600
970	1000	81	162	12.	12.63	3993600
970	1000	99	198	16.	15.44	4055040
980	1000	57	114	9.	9.71	4055040
980	1000	80	160	13.	12.66	4116480
980	1000	98	196	16.	15.5	4177920
990	1000	56	112	9.	9.76	4116480
990	1000	80	160	13.	12.88	4177920
990	1000	98	196	16.	15.72	4239360
1000	1000	56	112	10.	9.91	4239360
1000	1000	79	158	13.	12.93	4300800
1000	1000	97	194	16.	15.78	4300800
1010	1000	56	112	10.	10.06	4300800
1010	1000	79	158	13.	13.22	4362240
1010	1000	97	194	16.	16.17	4423680
1020	1000	55	110	10.	10.12	4423680
1020	1000	79	158	14.	13.27	4423680
1020	1000	96	192	16.	16.12	4485120
1030	1000	55	110	10.	10.33	4485120
1030	1000	78	156	14.	13.42	4485120
1030	1000	96	192	16.	16.45	4546560
1040	1000	55	110	10.	10.44	4546560
1040	1000	78	156	13.	13.63	4608000
1040	1000	95	190	17.	16.52	4608000
1050	1000	55	110	10.	10.55	4608000
1050	1000	77	154	14.	13.68	4669440
1050	1000	95	190	17.	16.79	4730880
1060	1000	54	108	10.	10.63	4730880
1060	1000	77	154	14.	13.85	4792320
1060	1000	94	188	17.	16.87	4853760
1070	1000	54	108	11.	10.71	4792320
1070	1000	77	154	14.	14.09	4853760
1070	1000	94	188	17.	17.24	4915200
1080	1000	54	108	11.	10.9	4915200
1080	1000	76	152	14.	14.02	4976640
1080	1000	94	188	18.	17.46	4976640
1090	1000	54	108	11.	11.01	4976640
1090	1000	76	152	14.	14.23	4976640
1090	1000	93	186	17.	17.49	5038080
1100	1000	53	106	11.	11.06	5099520
1100	1000	76	152	14.	14.45	5160960
1100	1000	93	186	18.	17.74	5160960
1110	1000	53	106	11.	11.15	5160960
1110	1000	75	150	14.	14.38	5160960
1110	1000	92	184	18.	17.72	5222400
1120	1000	53	106	11.	11.3	5222400
1120	1000	75	150	14.	14.63	5345280
1120	1000	92	184	18.	18.06	5345280
1130	1000	53	106	12.	11.5	5283840
1130	1000	75	150	15.	14.83	5345280
1130	1000	91	182	18.	18.18	5406720
1140	1000	52	104	11.	11.43	5406720
1140	1000	74	148	15.	14.84	5468160
1140	1000	91	182	18.	18.42	5529600
1150	1000	52	104	11.	11.83	5529600
1150	1000	74	148	16.	15.47	5591040
1150	1000	91	182	19.	19.54	5652480
1160	1000	52	104	12.	11.7	5591040
1160	1000	74	148	15.	15.26	5652480
1160	1000	90	180	19.	18.57	5713920
1170	1000	52	104	12.	11.83	5713920
1170	1000	73	146	15.	15.27	5713920
1170	1000	90	180	19.	18.82	5836800
1180	1000	51	102	12.	11.86	5775360
1180	1000	73	146	15.	15.6	5836800
1180	1000	89	178	18.	19.04	5898240
1190	1000	51	102	12.	12.01	5898240
1190	1000	73	146	15.	15.71	5898240
1190	1000	89	178	19.	19.2	5959680
1200	1000	51	102	12.	12.83	6021120
1200	1000	72	144	17.	16.23	6021120
1200	1000	89	178	20.	20.39	6144000
1210	1000	51	102	12.	12.26	6082560
1210	1000	72	144	16.	16.07	6144000
1210	1000	88	176	19.	19.5	6205440
1220	1000	51	102	12.	12.45	6144000
1220	1000	72	144	16.	16.15	6205440
1220	1000	88	176	19.	19.8	6266880
1230	1000	50	100	12.	12.48	6266880
1230	1000	71	142	16.	16.3	6266880
1230	1000	88	176	20.	20.06	6389760
1240	1000	50	100	13.	12.58	6328320
1240	1000	71	142	16.	16.52	6389760
1240	1000	87	174	20.	20.06	6451200
1250	1000	50	100	12.	12.75	6512640
1250	1000	71	142	17.	16.75	6512640
1250	1000	87	174	21.	20.47	6574080
1260	1000	50	100	13.	12.92	6574080
1260	1000	71	142	17.	16.98	6635520
1260	1000	87	174	20.	20.61	6696960
1270	1000	50	100	13.	13.04	6635520
1270	1000	70	140	17.	16.95	6758400
1270	1000	86	172	21.	20.6	6758400
1280	1000	49	98	13.	13.04	6758400
1280	1000	70	140	17.	17.03	6881280
1280	1000	86	172	21.	20.78	6881280
1290	1000	49	98	13.	13.27	6819840
1290	1000	70	140	17.	17.41	6881280
1290	1000	86	172	21.	21.3	6942720
1300	1000	49	98	13.	13.41	6942720
1300	1000	69	138	18.	17.3	7004160
1300	1000	85	170	21.	21.23	7065600
1310	1000	49	98	14.	13.7	7065600
1310	1000	69	138	17.	17.62	7127040
1310	1000	85	170	22.	21.46	7249920
1320	1000	49	98	13.	13.75	7188480
1320	1000	69	138	17.	17.77	7311360
1320	1000	85	170	22.	21.76	7372800
1330	1000	48	96	14.	13.74	7249920
1330	1000	69	138	18.	18.02	7311360
1330	1000	84	168	22.	21.71	7372800
1340	1000	48	96	13.	13.91	7434240
1340	1000	68	136	17.	17.95	7495680
1340	1000	84	168	22.	22.03	7557120
1350	1000	48	96	14.	13.99	7557120
1350	1000	68	136	18.	18.17	7618560
1350	1000	84	168	22.	22.3	7680000
1360	1000	48	96	14.	14.14	7557120
1360	1000	68	136	19.	18.33	7618560
1360	1000	83	166	22.	22.28	7680000
1370	1000	48	96	14.	14.3	7741440
1370	1000	68	136	19.	18.64	7802880
1370	1000	83	166	23.	22.69	7864320
1380	1000	48	96	14.	14.44	7864320
1380	1000	67	134	19.	18.53	7925760
1380	1000	83	166	22.	22.79	7987200
1390	1000	47	94	14.	14.27	7864320
1390	1000	67	134	18.	18.74	7925760
1390	1000	82	164	22.	22.89	8048640
1400	1000	47	94	14.	14.42	7987200
1400	1000	67	134	19.	18.93	8110080
1400	1000	82	164	23.	23.14	8171520
1410	1000	47	94	15.	14.65	8171520
1410	1000	67	134	19.	19.23	8232960
1410	1000	82	164	23.	23.38	8294400
1420	1000	47	94	15.	14.82	8294400
1420	1000	66	132	19.	18.95	8355840
1420	1000	82	164	24.	23.71	8478720
1430	1000	47	94	15.	14.87	8355840
1430	1000	66	132	19.	19.2	8417280
1430	1000	81	162	24.	23.64	8478720
1440	1000	47	94	15.	15.06	8478720
1440	1000	66	132	19.	19.52	8540160
1440	1000	81	162	24.	23.98	8663040
1450	1000	46	92	16.	15.27	8663040
1450	1000	66	132	20.	20.18	8724480
1450	1000	81	162	24.	24.68	8785920
1460	1000	46	92	16.	16.49	8785920
1460	1000	66	132	22.	22.09	8847360
1460	1000	80	160	27.	26.82	8908800
1470	1000	46	92	15.	15.38	8847360
1470	1000	65	130	19.	19.85	8847360
1470	1000	80	160	25.	24.44	8908800
1480	1000	46	92	15.	15.45	8970240
1480	1000	65	130	20.	19.94	9031680
1480	1000	80	160	25.	24.63	9093120
1490	1000	46	92	15.	15.57	9093120
1490	1000	65	130	20.	20.2	9154560
1490	1000	80	160	25.	24.95	9216000
1500	1000	46	92	16.	15.89	9154560
1500	1000	65	130	20.	20.73	9216000
1500	1000	79	158	25.	25.27	9277440
1510	1000	45	90	16.	15.9	9277440
1510	1000	64	128	20.	20.38	9338880
1510	1000	79	158	25.	25.37	9400320
1520	1000	45	90	15.	16.01	9461760
1520	1000	64	128	20.	20.66	9523200
1520	1000	79	158	26.	25.6	9584640
1530	1000	45	90	16.	16.7	9584640
1530	1000	64	128	21.	21.53	9646080
1530	1000	79	158	27.	26.95	9768960
1540	1000	45	90	16.	16.36	9768960
1540	1000	64	128	20.	21.04	9830400
1540	1000	78	156	25.	25.86	9891840
1550	1000	45	90	16.	16.4	9768960
1550	1000	64	128	21.	21.3	9830400
1550	1000	78	156	26.	26.17	9891840
1560	1000	45	90	16.	16.62	9891840
1560	1000	63	126	21.	21.37	9953280
1560	1000	78	156	26.	26.59	10076160
1570	1000	45	90	17.	16.85	10076160
1570	1000	63	126	21.	21.47	10137600
1570	1000	78	156	26.	26.79	10199040
1580	1000	44	88	17.	16.68	10199040
1580	1000	63	126	21.	21.55	10260480
1580	1000	77	154	26.	26.61	10383360
1590	1000	44	88	17.	16.89	10199040
1590	1000	63	126	22.	21.93	10321920
1590	1000	77	154	27.	26.98	10383360
1600	1000	44	88	17.	17.08	10383360
1600	1000	63	126	22.	22.06	10444800
1600	1000	77	154	27.	27.19	10567680
1610	1000	44	88	17.	17.44	10567680
1610	1000	62	124	22.	22.31	10629120
1610	1000	77	154	27.	27.72	10752000
1620	1000	44	88	17.	17.41	10690560
1620	1000	62	124	22.	22.42	10813440
1620	1000	76	152	27.	27.19	10874880
1630	1000	44	88	18.	17.94	10874880
1630	1000	62	124	23.	23.23	10936320
1630	1000	76	152	28.	28.36	10997760
1640	1000	44	88	17.	17.58	10874880
1640	1000	62	124	22.	22.85	10936320
1640	1000	76	152	28.	27.74	10997760
1650	1000	43	86	18.	17.49	11059200
1650	1000	62	124	23.	23.14	11120640
1650	1000	76	152	28.	28.28	11182080
1660	1000	43	86	18.	17.58	11182080
1660	1000	61	122	23.	22.97	11304960
1660	1000	75	150	27.	27.78	11366400
1670	1000	43	86	17.	17.73	11366400
1670	1000	61	122	23.	23.08	11427840
1670	1000	75	150	28.	28.2	11489280
1680	1000	43	86	18.	17.95	11366400
1680	1000	61	122	23.	23.68	11427840
1680	1000	75	150	28.	28.51	11489280
1690	1000	43	86	18.	18.24	11550720
1690	1000	61	122	24.	23.95	11612160
1690	1000	75	150	30.	29.45	11673600
1700	1000	43	86	18.	18.2	11673600
1700	1000	61	122	24.	23.84	11796480
1700	1000	74	148	28.	28.78	11857920
1710	1000	43	86	18.	18.95	11857920
1710	1000	61	122	24.	24.95	11919360
1710	1000	74	148	29.	29.91	11980800
1720	1000	43	86	18.	18.59	12042240
1720	1000	60	120	24.	23.98	12103680
1720	1000	74	148	30.	29.52	12226560
1730	1000	42	84	18.	18.74	12226560
1730	1000	60	120	24.	24.54	12288000
1730	1000	74	148	30.	29.85	12410880
1740	1000	42	84	19.	18.52	12165120
1740	1000	60	120	24.	24.26	12288000
1740	1000	74	148	30.	29.83	12349440
1750	1000	42	84	19.	19.33	12410880
1750	1000	60	120	25.	25.91	12472320
1750	1000	73	146	31.	31.29	12533760
1760	1000	42	84	18.	18.8	12533760
1760	1000	60	120	24.	24.72	12656640
1760	1000	73	146	30.	30.02	12718080
1770	1000	42	84	18.	18.93	12718080
1770	1000	59	118	25.	24.57	12779520
1770	1000	73	146	30.	30.15	12902400
1780	1000	42	84	19.	19.16	12840960
1780	1000	59	118	25.	25.19	12963840
1780	1000	73	146	30.	30.59	13025280
1790	1000	42	84	19.	19.4	12840960
1790	1000	59	118	25.	25.29	12902400
1790	1000	73	146	31.	30.96	13025280
1800	1000	42	84	20.	20.44	13025280
1800	1000	59	118	26.	26.82	13086720
1800	1000	72	144	34.	33.8	13209600
1810	1000	41	82	20.	19.67	13209600
1810	1000	59	118	25.	25.74	13271040
1810	1000	72	144	30.	30.93	13393920
1820	1000	41	82	19.	19.72	13332480
1820	1000	59	118	26.	25.95	13455360
1820	1000	72	144	32.	31.42	13578240
1830	1000	41	82	20.	20.22	13516800
1830	1000	58	116	26.	26.02	13639680
1830	1000	72	144	32.	32.43	13701120
1840	1000	41	82	21.	21.63	13762560
1840	1000	58	116	28.	27.96	13824000
1840	1000	72	144	34.	33.81	13885440
1850	1000	41	82	20.	19.97	13701120
1850	1000	58	116	26.	25.78	13762560
1850	1000	71	142	31.	31.69	13885440
1860	1000	41	82	20.	20.22	13885440
1860	1000	58	116	26.	25.91	14008320
1860	1000	71	142	31.	31.85	14131200
1870	1000	41	82	20.	20.42	14131200
1870	1000	58	116	26.	26.4	14192640
1870	1000	71	142	32.	32.31	14254080
1880	1000	41	82	20.	20.52	14254080
1880	1000	58	116	26.	26.56	14376960
1880	1000	71	142	33.	32.75	14438400
1890	1000	41	82	21.	21.21	14499840
1890	1000	58	116	27.	27.24	14561280
1890	1000	71	142	33.	34.09	14684160
1900	1000	40	80	20.	20.78	14622720
1900	1000	57	114	26.	26.63	14745600
1900	1000	70	140	33.	32.99	14807040
1910	1000	40	80	21.	20.98	14561280
1910	1000	57	114	27.	27.11	14622720
1910	1000	70	140	33.	33.34	14745600
1920	1000	40	80	21.	21.17	14745600
1920	1000	57	114	27.	27.37	14807040
1920	1000	70	140	34.	33.84	14929920
1930	1000	40	80	21.	21.4	14929920
1930	1000	57	114	27.	27.92	14991360
1930	1000	70	140	34.	34.41	15175680
1940	1000	40	80	21.	21.59	15114240
1940	1000	57	114	27.	27.76	15237120
1940	1000	70	140	34.	34.36	15298560
1950	1000	40	80	21.	21.76	15298560
1950	1000	57	114	27.	28.08	15421440
1950	1000	69	138	34.	34.08	15482880
1960	1000	40	80	22.	22.34	15482880
1960	1000	57	114	29.	29.02	15605760
1960	1000	69	138	36.	35.73	15667200
1970	1000	40	80	29.	29.35	15728640
1970	1000	56	112	41.	41.33	15790080
1970	1000	69	138	53.	53.47	15912960
1980	1000	40	80	22.	22.33	15605760
1980	1000	56	112	28.	28.45	15667200
1980	1000	69	138	35.	35.36	15790080
1990	1000	40	80	22.	22.24	15790080
1990	1000	56	112	28.	28.17	15912960
1990	1000	69	138	35.	34.9	16035840
2000	1000	39	78	22.	21.64	15974400
2000	1000	56	112	28.	28.3	16097280
2000	1000	69	138	35.	34.88	16220160
2010	1000	39	78	22.	21.86	16220160
2010	1000	56	112	28.	28.6	16343040
2010	1000	68	136	34.	35.	16465920
2020	1000	39	78	21.	22.1	16465920
2020	1000	56	112	29.	28.98	16588800
2020	1000	68	136	35.	35.43	16650240
2030	1000	39	78	22.	22.16	16650240
2030	1000	56	112	28.	29.26	16773120
2030	1000	68	136	35.	35.58	16834560
2040	1000	39	78	22.	22.51	16834560
2040	1000	55	110	29.	29.45	16957440
2040	1000	68	136	35.	36.21	17018880
2050	1000	39	78	22.	22.89	16773120
2050	1000	55	110	29.	29.78	16834560
2050	1000	68	136	36.	37.26	16896000
2060	1000	39	78	23.	23.16	16957440
2060	1000	55	110	30.	30.2	17018880
2060	1000	68	136	37.	37.35	17141760
2070	1000	39	78	23.	23.69	17141760
2070	1000	55	110	32.	31.47	17264640
2070	1000	67	134	38.	38.29	17326080
2080	1000	39	78	23.	23.29	17326080
2080	1000	55	110	30.	30.78	17448960
2080	1000	67	134	38.	37.66	17571840
2090	1000	39	78	23.	23.5	17510400
2090	1000	55	110	31.	31.24	17694720
2090	1000	67	134	37.	37.73	17756160
2100	1000	38	76	23.	23.69	17756160
2100	1000	55	110	31.	31.35	17879040
2100	1000	67	134	38.	38.39	17940480
2110	1000	38	76	24.	23.91	17940480
2110	1000	54	108	31.	30.89	18063360
2110	1000	67	134	38.	38.32	18124800
2120	1000	38	76	23.	24.14	18124800
2120	1000	54	108	31.	31.66	18247680
2120	1000	67	134	39.	39.02	18309120
2130	1000	38	76	24.	23.5	18001920
2130	1000	54	108	30.	30.66	18063360
2130	1000	66	132	36.	36.99	18186240
2140	1000	38	76	25.	25.78	18186240
2140	1000	54	108	34.	34.47	18309120
2140	1000	66	132	42.	42.27	18432000
2150	1000	38	76	24.	24.01	18432000
2150	1000	54	108	31.	31.17	18554880
2150	1000	66	132	37.	37.71	18677760
2160	1000	38	76	25.	24.84	18616320
2160	1000	54	108	32.	32.33	18800640
2160	1000	66	132	38.	39.05	18862080
2170	1000	38	76	24.	24.23	18800640
2170	1000	54	108	31.	31.6	18984960
2170	1000	66	132	38.	38.24	19046400
2180	1000	38	76	24.	24.54	19046400
2180	1000	54	108	31.	32.16	19169280
2180	1000	66	132	38.	38.99	19292160
2190	1000	38	76	24.	24.91	19353600
2190	1000	53	106	32.	32.29	19415040
2190	1000	66	132	40.	40.15	19537920
2200	1000	38	76	25.	25.34	19169280
2200	1000	53	106	32.	32.93	19230720
2200	1000	65	130	39.	39.35	19353600
2210	1000	37	74	25.	25.22	19353600
2210	1000	53	106	33.	33.46	19476480
2210	1000	65	130	40.	40.12	19599360
2220	1000	37	74	25.	25.61	19599360
2220	1000	53	106	34.	34.36	19660800
2220	1000	65	130	41.	41.62	19845120
2230	1000	37	74	25.	25.9	19783680
2230	1000	53	106	34.	34.61	19906560
2230	1000	65	130	42.	42.14	20090880
2240	1000	37	74	25.	25.66	20029440
2240	1000	53	106	34.	34.39	20152320
2240	1000	65	130	41.	41.45	20275200
2250	1000	37	74	26.	25.91	20275200
2250	1000	53	106	34.	34.22	20398080
2250	1000	65	130	42.	41.79	20520960
2260	1000	37	74	26.	26.16	20459520
2260	1000	53	106	34.	35.04	20582400
2260	1000	65	130	41.	42.14	20705280
2270	1000	37	74	26.	26.38	20643840
2270	1000	52	104	34.	33.68	20766720
2270	1000	64	128	41.	41.45	20889600
2280	1000	37	74	26.	26.41	20889600
2280	1000	52	104	33.	33.93	21012480
2280	1000	64	128	41.	41.58	21135360
2290	1000	37	74	25.	26.29	20705280
2290	1000	52	104	33.	33.93	20828160
2290	1000	64	128	42.	42.19	21073920
2300	1000	37	74	26.	25.98	20889600
2300	1000	52	104	33.	33.59	21012480
2300	1000	64	128	40.	41.	21135360
2310	1000	37	74	29.	29.85	21073920
2310	1000	52	104	39.	39.47	21196800
2310	1000	64	128	48.	47.66	21381120
2320	1000	37	74	26.	26.24	21319680
2320	1000	52	104	34.	34.4	21381120
2320	1000	64	128	41.	42.11	21626880
2330	1000	36	72	26.	26.01	21504000
2330	1000	52	104	34.	34.25	21626880
2330	1000	64	128	42.	42.38	21872640
2340	1000	36	72	26.	26.18	21749760
2340	1000	52	104	34.	34.78	21934080
2340	1000	63	126	42.	42.12	21995520
2350	1000	36	72	26.	26.5	21995520
2350	1000	52	104	34.	35.24	22179840
2350	1000	63	126	42.	42.63	22241280
2360	1000	36	72	26.	26.53	22241280
2360	1000	51	102	34.	34.29	22425600
2360	1000	63	126	41.	42.14	22487040
2370	1000	36	72	26.	26.6	22425600
2370	1000	51	102	34.	34.54	22609920
2370	1000	63	126	42.	42.92	22732800
2380	1000	36	72	27.	27.2	22732800
2380	1000	51	102	35.	35.62	22855680
2380	1000	63	126	44.	44.25	22917120
2390	1000	36	72	28.	28.08	22487040
2390	1000	51	102	37.	37.06	22609920
2390	1000	63	126	45.	45.16	22671360
2400	1000	36	72	27.	28.26	22732800
2400	1000	51	102	37.	37.2	22794240
2400	1000	63	126	45.	45.34	22917120
2410	1000	36	72	27.	28.29	22978560
2410	1000	51	102	37.	37.17	23040000
2410	1000	62	124	46.	46.11	23285760
2420	1000	36	72	28.	28.39	23285760
2420	1000	51	102	37.	37.42	23347200
2420	1000	62	124	46.	46.08	23531520
2430	1000	36	72	29.	28.96	23531520
2430	1000	51	102	39.	38.58	23592960
2430	1000	62	124	47.	47.88	23777280
2440	1000	36	72	28.	28.67	23715840
2440	1000	51	102	37.	37.99	23900160
2440	1000	62	124	47.	47.36	24023040
2450	1000	36	72	29.	29.13	23961600
2450	1000	50	100	37.	37.17	24084480
2450	1000	62	124	47.	47.51	24207360
2460	1000	35	70	29.	29.44	24207360
2460	1000	50	100	37.	37.95	24330240
2460	1000	62	124	47.	48.26	24453120
2470	1000	35	70	30.	30.16	24453120
2470	1000	50	100	39.	39.07	24576000
2470	1000	62	124	49.	49.67	24637440
2480	1000	35	70	38.	38.28	24637440
2480	1000	50	100	55.	55.4	24760320
2480	1000	62	124	73.	73.71	24883200
2490	1000	35	70	28.	28.92	24391680
2490	1000	50	100	37.	37.99	24514560
2490	1000	61	122	46.	46.39	24576000
2500	1000	35	70	28.	28.85	24637440
2500	1000	50	100	36.	36.96	24698880
2500	1000	61	122	45.	45.75	24821760
2510	1000	35	70	29.	29.51	24883200
2510	1000	50	100	38.	37.99	24944640
2510	1000	61	122	47.	47.29	25128960
2520	1000	35	70	30.	30.26	25067520
2520	1000	50	100	39.	38.91	25190400
2520	1000	61	122	48.	48.8	25374720
2530	1000	35	70	29.	29.87	25313280
2530	1000	50	100	38.	38.97	25436160
2530	1000	61	122	48.	48.37	25620480
2540	1000	35	70	29.	29.47	25559040
2540	1000	50	100	38.	38.13	25620480
2540	1000	61	122	47.	47.01	25804800
2550	1000	35	70	29.	29.64	25743360
2550	1000	49	98	37.	38.17	25927680
2550	1000	61	122	47.	47.8	26050560
2560	1000	35	70	29.	29.98	25989120
2560	1000	49	98	38.	38.49	26234880
2560	1000	61	122	47.	47.9	26296320
2570	1000	35	70	31.	30.76	26296320
2570	1000	49	98	40.	40.07	26419200
2570	1000	60	120	49.	49.39	26542080
2580	1000	35	70	30.	30.23	26480640
2580	1000	49	98	39.	38.95	26664960
2580	1000	60	120	48.	47.92	26787840
2590	1000	35	70	30.	30.53	26726400
2590	1000	49	98	39.	39.27	26910720
2590	1000	60	120	48.	48.42	27033600
2600	1000	34	68	30.	31.25	26357760
2600	1000	49	98	42.	42.61	26542080
2600	1000	60	120	52.	53.15	26664960
2610	1000	34	68	34.	34.52	26603520
2610	1000	49	98	48.	48.34	26787840
2610	1000	60	120	60.	60.3	26849280
2620	1000	34	68	32.	32.02	26910720
2620	1000	49	98	43.	43.56	27033600
2620	1000	60	120	53.	53.66	27217920
2630	1000	34	68	31.	32.19	27217920
2630	1000	49	98	43.	43.92	27279360
2630	1000	60	120	53.	54.2	27525120
2640	1000	34	68	32.	32.64	27463680
2640	1000	49	98	44.	44.68	27525120
2640	1000	60	120	54.	55.11	27770880
2650	1000	34	68	35.	36.32	27709440
2650	1000	49	98	51.	51.7	27770880
2650	1000	60	120	64.	64.85	28016640
2660	1000	34	68	32.	32.75	27955200
2660	1000	48	96	43.	44.	28016640
2660	1000	59	118	53.	54.36	28200960
2670	1000	34	68	32.	32.99	28262400
2670	1000	48	96	44.	44.2	28385280
2670	1000	59	118	55.	55.	28508160
2680	1000	34	68	33.	33.12	28569600
2680	1000	48	96	43.	44.27	28753920
2680	1000	59	118	54.	54.79	28815360
2690	1000	34	68	33.	33.3	28876800
2690	1000	48	96	44.	44.71	29061120
2690	1000	59	118	55.	55.86	29122560
2700	1000	34	68	35.	35.89	29122560
2700	1000	48	96	49.	49.9	29306880
2700	1000	59	118	62.	63.13	29368320
2710	1000	34	68	33.	33.95	29429760
2710	1000	48	96	45.	45.91	29552640
2710	1000	59	118	57.	57.24	29614080
2720	1000	34	68	33.	34.22	29614080
2720	1000	48	96	46.	46.15	29798400
2720	1000	59	118	57.	57.34	29859840
2730	1000	34	68	31.	32.26	29122560
2730	1000	48	96	42.	42.86	29306880
2730	1000	59	118	52.	53.03	29368320
2740	1000	34	68	33.	34.14	29368320
2740	1000	48	96	45.	45.66	29552640
2740	1000	59	118	56.	57.23	29614080
2750	1000	34	68	33.	33.12	29675520
2750	1000	48	96	44.	44.02	29798400
2750	1000	58	116	52.	52.27	30044160
2760	1000	33	66	32.	32.51	29982720
2760	1000	48	96	43.	43.6	30044160
2760	1000	58	116	51.	51.9	30289920
2770	1000	33	66	32.	33.12	30289920
2770	1000	47	94	43.	43.07	30289920
2770	1000	58	116	53.	52.95	30535680
2780	1000	33	66	33.	32.93	30535680
2780	1000	47	94	43.	42.85	30597120
2780	1000	58	116	52.	52.9	30842880
2790	1000	33	66	33.	33.23	30781440
2790	1000	47	94	43.	43.29	30842880
2790	1000	58	116	53.	53.64	31150080
2800	1000	33	66	35.	35.6	31088640
2800	1000	47	94	46.	46.08	31211520
2800	1000	58	116	57.	57.45	31334400
2810	1000	33	66	33.	33.38	31334400
2810	1000	47	94	43.	43.46	31518720
2810	1000	58	116	53.	53.81	31641600
2820	1000	33	66	34.	35.	31580160
2820	1000	47	94	45.	45.56	31825920
2820	1000	58	116	55.	56.54	31887360
2830	1000	33	66	34.	34.7	31825920
2830	1000	47	94	44.	45.17	32071680
2830	1000	58	116	56.	56.63	32133120
2840	1000	33	66	33.	34.14	32071680
2840	1000	47	94	44.	44.75	32317440
2840	1000	58	116	55.	55.37	32378880
2850	1000	33	66	34.	34.68	31948800
2850	1000	47	94	45.	45.07	32378880
2850	1000	57	114	55.	54.51	32563200
2860	1000	33	66	38.	37.75	31764480
2860	1000	47	94	50.	49.99	32010240
2860	1000	57	114	61.	60.79	32071680
2870	1000	33	66	38.	38.06	32071680
2870	1000	47	94	51.	50.56	32256000
2870	1000	57	114	62.	61.75	32378880
2880	1000	33	66	39.	38.93	32317440
2880	1000	47	94	52.	52.11	32563200
2880	1000	57	114	63.	62.44	32686080
2890	1000	33	66	41.	41.52	32563200
2890	1000	46	92	55.	55.95	32747520
2890	1000	57	114	72.	72.36	33054720
2900	1000	33	66	37.	38.35	32808960
2900	1000	46	92	49.	49.56	32993280
2900	1000	57	114	62.	62.16	33300480
2910	1000	33	66	38.	38.66	33116160
2910	1000	46	92	50.	50.28	33239040
2910	1000	57	114	62.	62.84	33546240
2920	1000	33	66	39.	40.4	33423360
2920	1000	46	92	55.	54.36	33546240
2920	1000	57	114	69.	69.	33792000
2930	1000	32	64	38.	37.98	33730560
2930	1000	46	92	51.	51.72	33792000
2930	1000	57	114	65.	65.83	34099200
2940	1000	32	64	38.	38.17	33976320
2940	1000	46	92	51.	51.04	34037760
2940	1000	57	114	63.	64.55	34344960
2950	1000	32	64	38.	38.16	34283520
2950	1000	46	92	50.	51.68	34467840
2950	1000	56	112	63.	63.07	34652160
2960	1000	32	64	38.	38.64	34590720
2960	1000	46	92	52.	52.48	34836480
2960	1000	56	112	63.	64.49	34959360
2970	1000	32	64	38.	38.65	34836480
2970	1000	46	92	52.	53.05	35143680
2970	1000	56	112	65.	65.16	35205120
2980	1000	32	64	39.	39.5	35143680
2980	1000	46	92	53.	53.83	35389440
2980	1000	56	112	66.	66.61	35512320
2990	1000	32	64	45.	45.69	35450880
2990	1000	46	92	69.	68.96	35696640
2990	1000	56	112	88.	88.42	35758080
3000	1000	32	64	42.	43.15	35758080
3000	1000	46	92	60.	61.03	35942400
3000	1000	56	112	76.	76.49	36065280
3010	1000	32	64	37.	38.11	35143680
3010	1000	46	92	51.	51.72	35328000
3010	1000	56	112	63.	64.01	35389440
3020	1000	32	64	38.	38.95	35512320
3020	1000	45	90	52.	52.43	35758080
3020	1000	56	112	64.	64.75	35696640
3030	1000	32	64	37.	37.23	35880960
3030	1000	45	90	48.	49.13	36003840
3030	1000	56	112	59.	60.33	36065280
3040	1000	32	64	37.	37.63	36188160
3040	1000	45	90	48.	49.23	36311040
3040	1000	56	112	60.	60.62	36556800
3050	1000	32	64	37.	38.14	36433920
3050	1000	45	90	50.	50.95	36556800
3050	1000	55	110	62.	62.94	36864000
3060	1000	32	64	39.	39.74	36679680
3060	1000	45	90	53.	53.74	36802560
3060	1000	55	110	65.	66.33	37109760
3070	1000	32	64	40.	40.64	36986880
3070	1000	45	90	54.	55.14	37109760
3070	1000	55	110	68.	68.16	37416960
3080	1000	32	64	40.	40.62	37294080
3080	1000	45	90	54.	54.48	37355520
3080	1000	55	110	66.	67.54	37662720
3090	1000	32	64	38.	38.62	37478400
3090	1000	45	90	50.	50.88	37662720
3090	1000	55	110	62.	62.35	37908480
3100	1000	32	64	39.	39.23	37847040
3100	1000	45	90	51.	52.13	37908480
3100	1000	55	110	64.	64.5	38215680
3110	1000	32	64	38.	38.96	38215680
3110	1000	45	90	51.	52.56	38215680
3110	1000	55	110	63.	63.84	38461440
3120	1000	31	62	41.	42.01	38461440
3120	1000	45	90	58.	58.4	38645760
3120	1000	55	110	72.	72.59	38768640
3130	1000	31	62	39.	39.89	38768640
3130	1000	45	90	54.	54.17	39014400
3130	1000	55	110	66.	66.78	39014400
3140	1000	31	62	38.	39.6	39075840
3140	1000	45	90	53.	53.72	39321600
3140	1000	55	110	67.	67.51	39321600
3150	1000	31	62	40.	41.14	39444480
3150	1000	44	88	55.	55.63	39628800
3150	1000	55	110	70.	70.27	39690240
3160	1000	31	62	42.	43.41	38645760
3160	1000	44	88	60.	60.27	38830080
3160	1000	54	108	74.	75.01	38830080
3170	1000	31	62	43.	43.72	38891520
3170	1000	44	88	59.	60.03	39137280
3170	1000	54	108	74.	75.12	39075840
3180	1000	31	62	43.	44.19	39198720
3180	1000	44	88	61.	61.2	39383040
3180	1000	54	108	75.	76.53	39444480
3190	1000	31	62	44.	44.62	39444480
3190	1000	44	88	61.	61.84	39628800
3190	1000	54	108	76.	77.2	39690240
3200	1000	31	62	45.	45.56	39751680
3200	1000	44	88	62.	63.37	39936000
3200	1000	54	108	77.	77.5	40120320
3210	1000	31	62	44.	44.81	39997440
3210	1000	44	88	61.	62.06	40243200
3210	1000	54	108	76.	76.72	40550400
3220	1000	31	62	44.	45.57	40304640
3220	1000	44	88	61.	62.12	40488960
3220	1000	54	108	77.	77.72	40857600
3230	1000	31	62	45.	45.33	40611840
3230	1000	44	88	61.	62.47	40796160
3230	1000	54	108	77.	77.8	41164800
3240	1000	31	62	44.	44.59	40919040
3240	1000	44	88	60.	60.77	41103360
3240	1000	54	108	75.	75.96	41472000
3250	1000	31	62	50.	51.39	41164800
3250	1000	44	88	75.	75.62	41410560
3250	1000	54	108	98.	98.39	41717760
3260	1000	31	62	45.	46.45	41472000
3260	1000	44	88	64.	64.45	41717760
3260	1000	54	108	80.	81.38	42086400
3270	1000	31	62	46.	46.74	41779200
3270	1000	44	88	64.	65.07	42024960
3270	1000	54	108	82.	82.08	42332160
3280	1000	31	62	46.	46.9	42147840
3280	1000	44	88	65.	66.34	42332160
3280	1000	53	106	81.	82.19	42577920
3290	1000	31	62	46.	46.79	42516480
3290	1000	43	86	62.	62.94	42639360
3290	1000	53	106	81.	81.24	42946560
3300	1000	31	62	50.	51.19	42885120
3300	1000	43	86	68.	69.44	43069440
3300	1000	53	106	91.	91.63	43192320
3310	1000	31	62	47.	47.9	43192320
3310	1000	43	86	61.	62.36	43499520
3310	1000	53	106	80.	80.96	43499520
3320	1000	30	60	44.	45.72	43560960
3320	1000	43	86	60.	60.99	43806720
3320	1000	53	106	78.	78.59	43806720
3330	1000	30	60	45.	46.14	43806720
3330	1000	43	86	63.	63.82	44113920
3330	1000	53	106	82.	83.	44113920
3340	1000	30	60	47.	47.14	44113920
3340	1000	43	86	64.	65.61	44359680
3340	1000	53	106	84.	84.7	44482560
3350	1000	30	60	42.	42.81	43069440
3350	1000	43	86	57.	57.65	43376640
3350	1000	53	106	73.	73.65	43376640
3360	1000	30	60	45.	46.64	43376640
3360	1000	43	86	63.	64.04	43683840
3360	1000	53	106	83.	83.74	43683840
3370	1000	30	60	43.	43.37	43745280
3370	1000	43	86	57.	58.41	44052480
3370	1000	53	106	74.	74.32	44052480
3380	1000	30	60	43.	44.33	44175360
3380	1000	43	86	59.	59.92	44359680
3380	1000	53	106	76.	77.17	44421120
3390	1000	30	60	45.	45.05	44482560
3390	1000	43	86	60.	61.74	44728320
3390	1000	53	106	78.	79.03	44789760
3400	1000	30	60	42.	43.87	44789760
3400	1000	43	86	58.	59.41	45035520
3400	1000	53	106	73.	74.42	45281280
3410	1000	30	60	43.	44.61	45096960
3410	1000	43	86	59.	59.53	45342720
3410	1000	52	104	71.	72.52	45649920
3420	1000	30	60	48.	48.81	45404160
3420	1000	43	86	74.	68.72	45649920
3420	1000	52	104	85.	85.34	45957120
3430	1000	30	60	44.	45.14	45772800
3430	1000	43	86	61.	61.55	46018560
3430	1000	52	104	74.	74.62	46325760
3440	1000	30	60	46.	47.77	46141440
3440	1000	43	86	64.	65.89	46387200
3440	1000	52	104	80.	80.99	46694400
3450	1000	30	60	45.	45.98	46571520
3450	1000	42	84	60.	60.32	46694400
3450	1000	52	104	74.	75.38	47124480
3460	1000	30	60	45.	46.54	47063040
3460	1000	42	84	60.	61.2	47124480
3460	1000	52	104	76.	77.81	47554560
3470	1000	30	60	46.	46.1	47370240
3470	1000	42	84	60.	61.2	47493120
3470	1000	52	104	76.	77.33	47861760
3480	1000	30	60	45.	45.98	47677440
3480	1000	42	84	59.	59.94	47800320
3480	1000	52	104	73.	74.62	48230400
3490	1000	30	60	46.	46.51	47984640
3490	1000	42	84	60.	60.67	48168960
3490	1000	52	104	76.	77.29	48476160
3500	1000	30	60	51.	51.53	48291840
3500	1000	42	84	70.	71.06	48476160
3500	1000	52	104	90.	91.13	48783360
3510	1000	30	60	51.	51.77	48660480
3510	1000	42	84	70.	71.6	48967680
3510	1000	52	104	90.	91.68	49090560
3520	1000	30	60	47.	47.49	49090560
3520	1000	42	84	61.	62.03	49336320
3520	1000	52	104	78.	79.07	49459200
3530	1000	30	60	46.	47.13	49397760
3530	1000	42	84	60.	61.71	49704960
3530	1000	52	104	78.	78.85	49704960
3540	1000	29	58	48.	48.9	48107520
3540	1000	42	84	63.	63.28	48537600
3540	1000	51	102	77.	77.83	48537600
3550	1000	29	58	51.	51.91	48414720
3550	1000	42	84	71.	72.31	48660480
3550	1000	51	102	90.	90.71	48721920
3560	1000	29	58	50.	51.27	48783360
3560	1000	42	84	71.	71.37	49029120
3560	1000	51	102	88.	89.16	49029120
3570	1000	29	58	51.	52.15	49090560
3570	1000	42	84	72.	73.12	49274880
3570	1000	51	102	91.	92.08	49336320
3580	1000	29	58	52.	53.04	49397760
3580	1000	42	84	72.	73.61	49643520
3580	1000	51	102	91.	92.16	49643520
3590	1000	29	58	54.	54.8	49704960
3590	1000	42	84	76.	77.59	49950720
3590	1000	51	102	97.	98.44	50012160
3600	1000	29	58	53.	54.37	50012160
3600	1000	42	84	74.	75.73	50257920
3600	1000	51	102	90.	91.1	50380800
3610	1000	29	58	53.	54.06	50319360
3610	1000	42	84	74.	75.59	50565120
3610	1000	51	102	94.	94.65	50995200
3620	1000	29	58	53.	53.88	50688000
3620	1000	41	82	74.	74.68	50872320
3620	1000	51	102	94.	94.82	51363840
3630	1000	29	58	53.	54.07	51118080
3630	1000	41	82	74.	75.42	51302400
3630	1000	51	102	94.	95.59	51855360
3640	1000	29	58	53.	53.81	51548160
3640	1000	41	82	73.	73.67	51671040
3640	1000	51	102	91.	92.55	52162560
3650	1000	29	58	53.	54.5	51793920
3650	1000	41	82	75.	76.25	52039680
3650	1000	51	102	93.	94.96	52531200
3660	1000	29	58	54.	55.33	52162560
3660	1000	41	82	77.	77.72	52346880
3660	1000	51	102	96.	96.85	52776960
3670	1000	29	58	54.	55.39	52469760
3670	1000	41	82	77.	77.81	52654080
3670	1000	51	102	97.	97.34	53084160
3680	1000	29	58	55.	56.24	52838400
3680	1000	41	82	78.	79.43	53022720
3680	1000	50	100	96.	97.11	53391360
3690	1000	29	58	55.	56.19	53145600
3690	1000	41	82	78.	79.13	53329920
3690	1000	50	100	94.	95.04	53698560
3700	1000	29	58	55.	56.47	53452800
3700	1000	41	82	77.	77.76	53637120
3700	1000	50	100	93.	94.18	54067200
3710	1000	29	58	58.	58.95	53760000
3710	1000	41	82	82.	83.17	53944320
3710	1000	50	100	104.	105.36	54312960
3720	1000	29	58	55.	56.51	54128640
3720	1000	41	82	76.	77.27	54312960
3720	1000	50	100	94.	95.53	54620160
3730	1000	29	58	56.	57.08	54497280
3730	1000	41	82	78.	79.56	54681600
3730	1000	50	100	95.	96.66	54988800
3740	1000	29	58	57.	57.71	54804480
3740	1000	41	82	81.	81.61	54988800
3740	1000	50	100	97.	98.18	55296000
3750	1000	29	58	57.	57.75	55173120
3750	1000	41	82	80.	80.69	55541760
3750	1000	50	100	98.	99.86	55603200
3760	1000	29	58	62.	63.19	55480320
3760	1000	41	82	92.	93.15	56033280
3760	1000	50	100	118.	118.6	55971840
3770	1000	29	58	57.	58.48	55971840
3770	1000	41	82	80.	81.22	56340480
3770	1000	50	100	100.	101.29	56340480
3780	1000	29	58	54.	55.6	54435840
3780	1000	41	82	75.	76.02	54804480
3780	1000	50	100	90.	90.79	54681600
3790	1000	28	56	51.	51.71	54804480
3790	1000	40	80	72.	73.25	55111680
3790	1000	50	100	90.	90.38	55050240
3800	1000	28	56	52.	53.17	55111680
3800	1000	40	80	75.	75.6	55480320
3800	1000	50	100	95.	96.47	55357440
3810	1000	28	56	52.	52.72	55418880
3810	1000	40	80	73.	73.62	55787520
3810	1000	50	100	90.	91.15	55787520
3820	1000	28	56	52.	53.2	55787520
3820	1000	40	80	73.	74.64	56094720
3820	1000	50	100	90.	90.41	56094720
3830	1000	28	56	53.	54.05	56156160
3830	1000	40	80	75.	76.11	56401920
3830	1000	49	98	94.	95.18	56401920
3840	1000	28	56	52.	53.38	56463360
3840	1000	40	80	74.	75.11	56832000
3840	1000	49	98	93.	93.66	56893440
3850	1000	28	56	53.	54.1	56770560
3850	1000	40	80	75.	76.21	57139200
3850	1000	49	98	93.	94.88	57446400
3860	1000	28	56	55.	56.13	57200640
3860	1000	40	80	79.	80.04	57507840
3860	1000	49	98	100.	100.87	57937920
3870	1000	28	56	53.	54.4	57569280
3870	1000	40	80	75.	77.19	57876480
3870	1000	49	98	94.	95.74	58306560
3880	1000	28	56	53.	54.82	57937920
3880	1000	40	80	76.	77.88	58245120
3880	1000	49	98	95.	96.79	58675200
3890	1000	28	56	55.	56.57	58245120
3890	1000	40	80	80.	81.13	58613760
3890	1000	49	98	100.	101.49	59043840
3900	1000	28	56	54.	55.08	58613760
3900	1000	40	80	77.	77.62	58982400
3900	1000	49	98	96.	96.8	59351040
3910	1000	28	56	54.	55.8	58982400
3910	1000	40	80	77.	78.85	59351040
3910	1000	49	98	97.	98.28	59719680
3920	1000	28	56	55.	56.03	59412480
3920	1000	40	80	78.	78.98	59658240
3920	1000	49	98	96.	98.04	60088320
3930	1000	28	56	57.	59.07	59842560
3930	1000	40	80	84.	85.97	60088320
3930	1000	49	98	107.	108.91	60456960
3940	1000	28	56	59.	60.25	60334080
3940	1000	40	80	87.	87.6	60641280
3940	1000	49	98	110.	111.	61009920
3950	1000	28	56	59.	60.07	60641280
3950	1000	40	80	84.	86.13	61009920
3950	1000	49	98	106.	108.04	61378560
3960	1000	28	56	56.	56.97	61009920
3960	1000	40	80	78.	79.45	61378560
3960	1000	49	98	97.	98.89	61747200
3970	1000	28	56	55.	56.84	61378560
3970	1000	40	80	78.	79.64	61747200
3970	1000	49	98	97.	98.59	62054400
3980	1000	28	56	56.	57.69	61747200
3980	1000	40	80	81.	82.	62115840
3980	1000	48	96	99.	99.94	62361600
3990	1000	28	56	59.	60.23	62115840
3990	1000	39	78	81.	82.85	62423040
3990	1000	48	96	106.	107.76	62791680
4000	1000	28	56	59.	59.73	62607360
4000	1000	39	78	81.	81.74	62853120
4000	1000	48	96	104.	105.15	63160320
4010	1000	28	56	62.	63.38	63037440
4010	1000	39	78	86.	87.5	63528960
4010	1000	48	96	112.	113.85	63651840
4020	1000	28	56	64.	66.23	63590400
4020	1000	39	78	92.	93.03	64204800
4020	1000	48	96	121.	121.95	64143360
4030	1000	28	56	63.	64.1	61747200
4030	1000	39	78	89.	90.21	62423040
4030	1000	48	96	117.	118.25	62361600
4040	1000	28	56	62.	63.02	62361600
4040	1000	39	78	87.	87.89	62914560
4040	1000	48	96	116.	116.73	62730240
4050	1000	28	56	63.	63.87	62791680
4050	1000	39	78	88.	89.39	63344640
4050	1000	48	96	117.	118.83	63098880
4060	1000	28	56	63.	64.68	63221760
4060	1000	39	78	88.	90.05	63651840
4060	1000	48	96	119.	120.8	63467520
4070	1000	27	54	62.	63.62	63774720
4070	1000	39	78	89.	90.24	64081920
4070	1000	48	96	118.	119.3	63836160
4080	1000	27	54	63.	64.15	64204800
4080	1000	39	78	88.	89.56	64389120
4080	1000	48	96	117.	118.67	64143360
4090	1000	27	54	62.	63.93	64512000
4090	1000	39	78	90.	91.65	64757760
4090	1000	48	96	119.	120.48	64573440
4100	1000	27	54	63.	64.38	64880640
4100	1000	39	78	90.	91.95	65126400
4100	1000	48	96	121.	122.68	64880640
4110	1000	27	54	63.	64.27	65249280
4110	1000	39	78	92.	93.5	65495040
4110	1000	48	96	120.	121.96	65310720
4120	1000	27	54	63.	64.87	65556480
4120	1000	39	78	93.	94.66	65863680
4120	1000	48	96	126.	127.89	65802240
4130	1000	27	54	63.	64.75	65925120
4130	1000	39	78	91.	92.65	66232320
4130	1000	48	96	122.	124.09	66416640
4140	1000	27	54	64.	65.89	66293760
4140	1000	39	78	93.	95.03	66539520
4140	1000	48	96	124.	125.84	66969600
4150	1000	27	54	64.	65.82	66662400
4150	1000	39	78	93.	95.07	66908160
4150	1000	47	94	118.	119.04	67338240
4160	1000	27	54	65.	66.54	67092480
4160	1000	39	78	95.	96.64	67276800
4160	1000	47	94	120.	121.95	67706880
4170	1000	27	54	65.	66.53	67461120
4170	1000	39	78	95.	95.84	67706880
4170	1000	47	94	119.	120.72	68075520
4180	1000	27	54	65.	66.79	67768320
4180	1000	39	78	95.	96.45	68014080
4180	1000	47	94	119.	120.56	68444160
4190	1000	27	54	65.	67.06	68198400
4190	1000	38	76	95.	96.17	68321280
4190	1000	47	94	123.	124.38	68874240
4200	1000	27	54	65.	66.85	68567040
4200	1000	38	76	92.	93.92	68689920
4200	1000	47	94	119.	120.39	69242880
4210	1000	27	54	65.	67.48	68935680
4210	1000	38	76	94.	95.12	69058560
4210	1000	47	94	120.	121.22	69611520
4220	1000	27	54	66.	68.1	69304320
4220	1000	38	76	96.	98.	69427200
4220	1000	47	94	125.	125.93	69980160
4230	1000	27	54	67.	67.92	69672960
4230	1000	38	76	96.	97.18	69795840
4230	1000	47	94	123.	124.71	70348800
4240	1000	27	54	66.	68.3	70103040
4240	1000	38	76	98.	99.83	70225920
4240	1000	47	94	126.	127.98	70778880
4250	1000	27	54	67.	68.38	70471680
4250	1000	38	76	97.	98.76	70533120
4250	1000	47	94	124.	126.11	71147520
4260	1000	27	54	68.	69.44	70840320
4260	1000	38	76	97.	98.7	70963200
4260	1000	47	94	124.	125.18	71516160
4270	1000	27	54	69.	71.16	71270400
4270	1000	38	76	102.	103.88	71331840
4270	1000	47	94	135.	136.31	71946240
4280	1000	27	54	68.	69.84	71700480
4280	1000	38	76	96.	97.86	71700480
4280	1000	47	94	124.	125.83	72314880
4290	1000	27	54	68.	70.13	72314880
4290	1000	38	76	98.	99.6	72192000
4290	1000	47	94	126.	127.55	72806400
4300	1000	27	54	69.	71.25	72806400
4300	1000	38	76	100.	101.49	72744960
4300	1000	47	94	126.	128.36	73359360
4310	1000	27	54	69.	70.79	73175040
4310	1000	38	76	107.	102.51	73175040
4310	1000	47	94	128.	129.72	73728000
4320	1000	27	54	68.	68.97	73543680
4320	1000	38	76	95.	96.52	73666560
4320	1000	47	94	121.	122.45	74096640
4330	1000	27	54	68.	69.99	71086080
4330	1000	38	76	98.	99.54	71454720
4330	1000	46	92	120.	122.11	71516160
4340	1000	27	54	66.	67.37	71393280
4340	1000	38	76	93.	94.56	71946240
4340	1000	46	92	114.	115.47	71884800
4350	1000	27	54	67.	68.75	71823360
4350	1000	38	76	95.	96.72	72437760
4350	1000	46	92	117.	118.71	72253440
4360	1000	27	54	69.	70.07	72192000
4360	1000	38	76	98.	99.26	72806400
4360	1000	46	92	124.	125.05	72622080
4370	1000	26	52	64.	66.11	72683520
4370	1000	38	76	92.	94.22	73175040
4370	1000	46	92	114.	115.29	72990720
4380	1000	26	52	67.	68.56	73175040
4380	1000	38	76	97.	99.6	73543680
4380	1000	46	92	124.	123.64	73420800
4390	1000	26	52	72.	68.77	73666560
4390	1000	38	76	102.	98.64	73912320
4390	1000	46	92	120.	119.76	73728000
4400	1000	26	52	68.	69.35	74035200
4400	1000	38	76	101.	101.69	74342400
4400	1000	46	92	128.	125.9	74096640
4410	1000	26	52	70.	70.37	74465280
4410	1000	38	76	109.	104.48	74711040
4410	1000	46	92	133.	127.21	74526720
4420	1000	26	52	72.	68.9	74772480
4420	1000	37	74	93.	93.76	74956800
4420	1000	46	92	119.	119.31	74833920
4430	1000	26	52	66.	68.33	75141120
4430	1000	37	74	92.	93.97	75325440
4430	1000	46	92	118.	120.16	75264000
4440	1000	26	52	68.	69.93	75509760
4440	1000	37	74	95.	96.95	75694080
4440	1000	46	92	122.	124.66	75939840
4450	1000	26	52	66.	68.48	75878400
4450	1000	37	74	93.	95.06	76062720
4450	1000	46	92	120.	121.79	76677120
4460	1000	26	52	67.	69.18	76247040
4460	1000	37	74	94.	96.01	76369920
4460	1000	46	92	119.	120.69	77168640
4470	1000	26	52	68.	69.66	76615680
4470	1000	37	74	96.	98.32	76861440
4470	1000	46	92	122.	123.18	77598720
4480	1000	26	52	69.	71.43	76922880
4480	1000	37	74	98.	99.88	77168640
4480	1000	46	92	126.	127.94	77967360
4490	1000	26	52	69.	70.72	77352960
4490	1000	37	74	96.	97.83	77598720
4490	1000	46	92	124.	125.49	78336000
4500	1000	26	52	68.	70.42	77783040
4500	1000	37	74	96.	97.64	77967360
4500	1000	46	92	122.	123.16	78766080
4510	1000	26	52	68.	70.6	78151680
4510	1000	37	74	96.	97.91	78336000
4510	1000	46	92	124.	125.05	79134720
4520	1000	26	52	69.	71.63	78458880
4520	1000	37	74	99.	100.4	78704640
4520	1000	45	90	126.	127.49	79441920
4530	1000	26	52	76.	78.27	78888960
4530	1000	37	74	113.	115.03	79134720
4530	1000	45	90	147.	148.83	79872000
4540	1000	26	52	71.	72.42	79257600
4540	1000	37	74	99.	101.05	79503360
4540	1000	45	90	126.	127.6	80240640
4550	1000	26	52	70.	72.31	79626240
4550	1000	37	74	100.	101.56	79933440
4550	1000	45	90	126.	127.93	80609280
4560	1000	26	52	71.	72.43	80056320
4560	1000	37	74	99.	101.07	80363520
4560	1000	45	90	126.	127.69	81039360
4570	1000	26	52	70.	72.5	80424960
4570	1000	37	74	99.	101.04	80732160
4570	1000	45	90	125.	127.59	81469440
4580	1000	26	52	71.	72.98	80793600
4580	1000	37	74	100.	101.95	81162240
4580	1000	45	90	126.	128.48	81838080
4590	1000	26	52	72.	74.34	81223680
4590	1000	37	74	102.	104.38	81592320
4590	1000	45	90	130.	132.46	82268160
4600	1000	26	52	71.	72.97	81592320
4600	1000	37	74	98.	99.61	81960960
4600	1000	45	90	124.	126.17	82636800
4610	1000	26	52	71.	73.89	82022400
4610	1000	37	74	101.	102.9	82391040
4610	1000	45	90	128.	130.3	83066880
4620	1000	26	52	73.	74.75	82452480
4620	1000	37	74	102.	103.91	82821120
4620	1000	45	90	131.	132.95	83435520
4630	1000	26	52	73.	75.16	82821120
4630	1000	37	74	103.	105.78	83189760
4630	1000	45	90	131.	133.61	83742720
4640	1000	26	52	74.	75.24	83312640
4640	1000	37	74	102.	104.49	83681280
4640	1000	45	90	132.	133.15	84172800
4650	1000	26	52	73.	74.83	83681280
4650	1000	37	74	103.	105.4	84111360
4650	1000	45	90	130.	132.12	84664320
4660	1000	26	52	78.	79.96	80547840
4660	1000	36	72	110.	111.94	80977920
4660	1000	45	90	149.	150.66	81408000
4670	1000	26	52	78.	80.28	81039360
4670	1000	36	72	110.	112.87	81408000
4670	1000	45	90	148.	150.71	81776640
4680	1000	26	52	79.	80.91	81469440
4680	1000	36	72	108.	110.97	82145280
4680	1000	45	90	145.	147.1	82268160
4690	1000	26	52	79.	81.51	81838080
4690	1000	36	72	110.	112.52	82821120
4690	1000	45	90	150.	151.95	82636800
4700	1000	26	52	82.	83.4	82329600
4700	1000	36	72	116.	118.66	83312640
4700	1000	45	90	158.	159.92	83066880
4710	1000	26	52	80.	81.9	82698240
4710	1000	36	72	113.	115.31	83804160
4710	1000	45	90	153.	154.7	83496960
4720	1000	25	50	77.	78.96	83189760
4720	1000	36	72	110.	111.88	84357120
4720	1000	44	88	147.	148.69	83988480
4730	1000	25	50	77.	79.22	83927040
4730	1000	36	72	112.	114.86	85032960
4730	1000	44	88	148.	150.33	84541440
4740	1000	25	50	77.	78.86	84357120
4740	1000	36	72	115.	116.48	85463040
4740	1000	44	88	150.	151.62	84971520
4750	1000	25	50	77.	79.15	84848640
4750	1000	36	72	114.	115.48	85831680
4750	1000	44	88	151.	153.04	85401600
4760	1000	25	50	77.	79.26	85340160
4760	1000	36	72	113.	115.3	86200320
4760	1000	44	88	147.	149.07	85831680
4770	1000	25	50	78.	80.04	85831680
4770	1000	36	72	115.	116.48	86691840
4770	1000	44	88	152.	153.94	86261760
4780	1000	25	50	80.	81.44	86568960
4780	1000	36	72	118.	120.1	87121920
4780	1000	44	88	156.	157.53	86691840
4790	1000	25	50	79.	81.67	87121920
4790	1000	36	72	117.	119.35	87552000
4790	1000	44	88	157.	158.57	87244800
4800	1000	25	50	79.	81.23	87736320
4800	1000	36	72	120.	121.33	88043520
4800	1000	44	88	150.	152.45	87797760
4810	1000	25	50	78.	80.93	88227840
4810	1000	36	72	117.	119.55	88535040
4810	1000	44	88	154.	155.65	88719360
4820	1000	25	50	79.	80.92	88965120
4820	1000	36	72	116.	118.1	89210880
4820	1000	44	88	152.	154.91	89640960
4830	1000	25	50	79.	81.37	89640960
4830	1000	36	72	119.	120.6	89763840
4830	1000	44	88	156.	158.41	90562560
4840	1000	25	50	78.	80.93	90378240
4840	1000	36	72	116.	118.67	90439680
4840	1000	44	88	155.	156.39	91238400
4850	1000	25	50	80.	82.04	91115520
4850	1000	36	72	119.	120.86	91115520
4850	1000	44	88	157.	158.52	91729920
4860	1000	25	50	80.	82.6	91545600
4860	1000	36	72	119.	121.2	91729920
4860	1000	44	88	157.	159.03	92160000
4870	1000	25	50	84.	85.43	92098560
4870	1000	36	72	125.	127.05	92098560
4870	1000	44	88	167.	169.39	92590080
4880	1000	25	50	82.	84.27	92467200
4880	1000	36	72	123.	124.99	92590080
4880	1000	44	88	162.	164.33	93020160
4890	1000	25	50	81.	83.59	92897280
4890	1000	36	72	120.	121.91	93020160
4890	1000	44	88	159.	161.41	93450240
4900	1000	25	50	82.	84.32	93327360
4900	1000	36	72	120.	122.47	93450240
4900	1000	44	88	159.	160.92	93880320
4910	1000	25	50	81.	83.47	93757440
4910	1000	36	72	123.	124.69	93880320
4910	1000	44	88	160.	162.42	94310400
4920	1000	25	50	81.	83.45	94187520
4920	1000	35	70	118.	120.21	94187520
4920	1000	44	88	160.	162.4	94740480
4930	1000	25	50	83.	85.04	94617600
4930	1000	35	70	120.	122.58	94679040
4930	1000	44	88	161.	163.15	95170560
4940	1000	25	50	83.	85.26	95109120
4940	1000	35	70	121.	123.09	95047680
4940	1000	43	86	156.	157.52	95539200
4950	1000	25	50	83.	85.24	95477760
4950	1000	35	70	123.	124.97	95539200
4950	1000	43	86	155.	158.05	95969280
4960	1000	25	50	83.	85.16	95907840
4960	1000	35	70	124.	126.01	95969280
4960	1000	43	86	158.	160.88	96399360
4970	1000	25	50	83.	85.93	96399360
4970	1000	35	70	122.	124.46	96399360
4970	1000	43	86	157.	159.47	96829440
4980	1000	25	50	84.	86.01	96890880
4980	1000	35	70	123.	125.57	96829440
4980	1000	43	86	156.	158.16	97320960
4990	1000	25	50	84.	86.31	97259520
4990	1000	35	70	123.	125.34	97259520
4990	1000	43	86	158.	159.84	97751040
5000	1000	25	50	84.	85.97	97751040
5000	1000	35	70	123.	125.38	97751040
5000	1000	43	86	158.	160.54	98181120
5010	1000	25	50	85.	87.54	98181120
5010	1000	35	70	125.	126.97	98181120
5010	1000	43	86	160.	162.49	98611200
5020	1000	25	50	86.	87.65	98611200
5020	1000	35	70	125.	127.54	98672640
5020	1000	43	86	161.	164.02	99041280
5030	1000	25	50	86.	88.53	99041280
5030	1000	35	70	127.	129.57	99102720
5030	1000	43	86	163.	166.04	99532800
5040	1000	25	50	90.	92.53	99471360
5040	1000	35	70	134.	137.16	99532800
5040	1000	43	86	177.	179.83	100024320
5050	1000	25	50	88.	90.44	99962880
5050	1000	35	70	128.	130.22	99962880
5050	1000	43	86	164.	166.03	100392960
5060	1000	25	50	84.	86.91	95662080
5060	1000	35	70	122.	124.78	95784960
5060	1000	43	86	157.	159.67	96092160
5070	1000	25	50	85.	87.55	96153600
5070	1000	35	70	122.	124.99	96153600
5070	1000	43	86	161.	160.76	96583680
5080	1000	25	50	83.	85.38	96583680
5080	1000	35	70	121.	122.92	96645120
5080	1000	43	86	152.	154.38	97013760
5090	1000	25	50	85.	86.87	97075200
5090	1000	35	70	122.	124.76	97136640
5090	1000	43	86	156.	158.24	97443840
5100	1000	24	48	83.	85.22	97320960
5100	1000	35	70	123.	126.16	97628160
5100	1000	43	86	160.	161.89	97935360
5110	1000	24	48	86.	87.32	97812480
5110	1000	35	70	129.	131.41	98181120
5110	1000	43	86	167.	169.24	98304000
5120	1000	24	48	84.	86.84	98304000
5120	1000	35	70	127.	129.13	98979840
5120	1000	43	86	166.	168.09	98795520
5130	1000	24	48	84.	87.16	98672640
5130	1000	35	70	128.	129.56	99717120
5130	1000	43	86	163.	165.48	99225600
5140	1000	24	48	83.	85.44	99164160
5140	1000	35	70	125.	127.07	100331520
5140	1000	43	86	159.	161.79	99655680
5150	1000	24	48	84.	86.41	99532800
5150	1000	35	70	128.	129.8	100761600
5150	1000	43	86	163.	164.65	100147200
5160	1000	24	48	83.	85.6	100024320
5160	1000	35	70	123.	125.48	101253120
5160	1000	43	86	157.	160.03	100577280
5170	1000	24	48	85.	88.02	100454400
5170	1000	35	70	129.	131.14	101744640
5170	1000	42	84	161.	163.17	100945920
5180	1000	24	48	85.	87.59	100945920
5180	1000	35	70	128.	129.79	102174720
5180	1000	42	84	155.	158.28	101437440
5190	1000	24	48	85.	87.73	101437440
5190	1000	35	70	128.	130.36	102666240
5190	1000	42	84	159.	161.86	101867520
5200	1000	24	48	85.	87.88	101806080
5200	1000	34	68	122.	124.31	102973440
5200	1000	42	84	159.	160.95	102359040
5210	1000	24	48	87.	90.2	102359040
5210	1000	34	68	127.	128.87	103464960
5210	1000	42	84	169.	171.62	102850560
5220	1000	24	48	86.	88.19	102850560
5220	1000	34	68	123.	125.13	103956480
5220	1000	42	84	158.	160.58	103403520
5230	1000	24	48	87.	89.89	103403520
5230	1000	34	68	128.	129.82	104448000
5230	1000	42	84	164.	166.96	103833600
5240	1000	24	48	84.	87.66	103956480
5240	1000	34	68	121.	124.11	104878080
5240	1000	42	84	158.	160.59	104570880
5250	1000	24	48	87.	88.89	104939520
5250	1000	34	68	125.	126.66	105738240
5250	1000	42	84	161.	163.25	105799680
5260	1000	24	48	89.	92.24	105553920
5260	1000	34	68	131.	133.51	106229760
5260	1000	42	84	185.	173.6	106905600
5270	1000	24	48	91.	90.27	106168320
5270	1000	34	68	129.	128.92	106782720
5270	1000	42	84	161.	164.28	107458560
5280	1000	24	48	87.	89.78	106782720
5280	1000	34	68	125.	127.3	107151360
5280	1000	42	84	160.	162.92	107950080
5290	1000	24	48	87.	89.49	107458560
5290	1000	34	68	126.	129.	107642880
5290	1000	42	84	163.	165.77	108441600
5300	1000	24	48	89.	91.38	107950080
5300	1000	34	68	129.	131.61	108072960
5300	1000	42	84	169.	172.	108871680
5310	1000	24	48	88.	90.75	108441600
5310	1000	34	68	128.	130.5	108441600
5310	1000	42	84	165.	168.18	109363200
5320	1000	24	48	87.	90.22	108933120
5320	1000	34	68	125.	127.67	108933120
5320	1000	42	84	162.	164.85	109854720
5330	1000	24	48	88.	90.96	109424640
5330	1000	34	68	127.	130.54	109301760
5330	1000	42	84	166.	168.28	110284800
5340	1000	24	48	88.	90.91	109854720
5340	1000	34	68	128.	130.62	109731840
5340	1000	42	84	166.	168.6	110714880
5350	1000	24	48	91.	93.26	110346240
5350	1000	34	68	130.	133.21	110284800
5350	1000	42	84	169.	171.5	111267840
5360	1000	24	48	92.	94.22	110837760
5360	1000	34	68	135.	137.98	110776320
5360	1000	42	84	175.	177.8	111697920
5370	1000	24	48	90.	92.64	111390720
5370	1000	34	68	131.	133.26	111267840
5370	1000	42	84	170.	172.63	112250880
5380	1000	24	48	92.	94.76	111882240
5380	1000	34	68	135.	137.62	111697920
5380	1000	42	84	176.	178.15	112742400
5390	1000	24	48	91.	93.49	112189440
5390	1000	34	68	133.	135.81	112189440
5390	1000	42	84	173.	175.61	113172480
5400	1000	24	48	90.	93.5	112742400
5400	1000	34	68	130.	133.2	112558080
5400	1000	42	84	171.	173.14	113725440
5410	1000	24	48	93.	96.38	113233920
5410	1000	34	68	136.	138.56	113172480
5410	1000	42	84	180.	181.33	114216960
5420	1000	24	48	92.	94.45	113664000
5420	1000	34	68	132.	134.71	113602560
5420	1000	41	82	191.	175.06	114462720
