10 20	3.160
50 20	8.742
100 20	23.934
200 20	113.130
10 30	2.820
50 30	5.876
100 30	13.638
200 30	42.681
10 40	2.663
50 40	4.755
100 40	9.707
200 40	27.757
10 50	2.566
50 50	4.245
100 50	8.024
200 50	20.993
10 60	2.526
50 60	3.965
100 60	7.079
200 60	17.557
10 70	2.513
50 70	3.785
100 70	6.615
200 70	15.649
10 80	2.507
50 80	3.668
100 80	6.180
200 80	14.308
10 90	2.509
50 90	3.602
100 90	6.012
200 90	13.612
10 100	2.480
50 100	3.480
100 100	5.701
200 100	12.776
10 110	2.511
50 110	3.490
100 110	5.595
200 110	12.491
10 120	2.495
50 120	3.484
100 120	5.493
200 120	12.033
10 130	2.496
50 130	3.418
100 130	5.460
200 130	11.717
10 140	2.496
50 140	3.454
100 140	5.406
200 140	11.652
10 150	2.521
50 150	3.389
100 150	5.363
200 150	11.419
10 160	2.528
50 160	3.472
100 160	5.341
200 160	11.437
10 170	2.543
50 170	3.383
100 170	5.285
200 170	11.268
10 180	2.560
50 180	3.411
100 180	5.347
200 180	11.117
10 190	2.574
50 190	3.454
100 190	5.337
200 190	11.163
10 200	2.600
50 200	3.433
100 200	5.270
200 200	11.175
10 210	2.604
50 210	3.431
100 210	5.280
200 210	10.950
10 220	2.633
50 220	3.479
100 220	5.293
200 220	10.910
10 230	2.637
50 230	3.500
100 230	5.357
200 230	10.905
10 240	2.670
50 240	3.529
100 240	5.357
200 240	10.909
10 250	2.722
50 250	3.542
100 250	5.336
200 250	10.825
10 260	2.729
50 260	3.566
100 260	5.330
200 260	10.895
10 270	2.733
50 270	3.559
100 270	5.346
200 270	10.950
10 280	2.755
50 280	3.599
100 280	5.385
200 280	10.954
10 290	2.775
50 290	3.648
100 290	5.406
200 290	11.004
10 300	2.806
50 300	3.671
100 300	5.524
200 300	11.064
10 310	2.845
50 310	3.698
100 310	5.513
200 310	11.089
10 320	2.890
50 320	3.776
100 320	5.534
200 320	11.107
10 330	3.010
50 330	3.779
100 330	5.556
200 330	11.111
10 340	2.990
50 340	3.790
100 340	5.575
200 340	11.014
10 350	2.999
50 350	3.782
100 350	5.591
200 350	11.004
10 360	3.014
50 360	3.802
100 360	5.597
200 360	11.033
10 370	3.034
50 370	3.832
100 370	5.640
200 370	11.069
10 380	3.037
50 380	3.831
100 380	5.638
200 380	11.106
10 390	3.076
50 390	3.854
100 390	5.687
200 390	11.147
10 400	3.072
50 400	3.902
100 400	5.728
200 400	11.306
10 410	3.107
50 410	3.927
100 410	5.783
200 410	11.270
10 420	3.153
50 420	3.969
100 420	5.842
200 420	11.301
10 430	3.188
50 430	4.075
100 430	5.875
200 430	11.358
10 440	3.232
50 440	4.106
100 440	5.951
200 440	11.336
10 450	3.291
50 450	4.148
100 450	6.119
200 450	11.363
10 460	3.362
50 460	4.265
100 460	6.156
200 460	11.421
10 470	3.422
50 470	4.313
100 470	6.168
200 470	11.449
10 480	3.484
50 480	4.480
100 480	6.216
200 480	11.473
10 490	3.547
50 490	4.484
100 490	6.248
200 490	11.516
10 500	3.789
50 500	4.597
100 500	6.309
200 500	11.611
10 510	3.760
50 510	4.596
100 510	6.313
200 510	11.620
10 520	3.761
50 520	4.573
100 520	6.308
200 520	11.622
10 530	3.774
50 530	4.617
100 530	6.335
200 530	11.636
10 540	3.782
50 540	4.612
100 540	6.350
200 540	11.655
10 550	3.789
50 550	4.624
100 550	6.361
200 550	11.667
10 560	3.802
50 560	4.600
100 560	6.369
200 560	11.698
10 570	3.809
50 570	4.658
100 570	6.370
200 570	11.693
10 580	3.840
50 580	4.683
100 580	6.408
200 580	11.757
10 590	3.847
50 590	4.679
100 590	6.435
200 590	11.755
10 600	3.862
50 600	4.704
100 600	6.459
200 600	11.772
10 610	3.905
50 610	4.735
100 610	6.488
200 610	11.819
10 620	3.927
50 620	4.725
100 620	6.510
200 620	11.842
10 630	3.950
50 630	4.817
100 630	6.565
200 630	11.951
10 640	3.972
50 640	4.795
100 640	6.612
200 640	11.901
10 650	4.009
50 650	4.874
100 650	6.612
200 650	11.973
10 660	4.055
50 660	4.904
100 660	6.656
200 660	11.999
10 670	4.102
50 670	4.949
100 670	6.694
200 670	12.049
10 680	4.145
50 680	4.993
100 680	6.754
200 680	12.122
10 690	4.195
50 690	5.054
100 690	6.817
200 690	12.197
10 700	4.241
50 700	5.079
100 700	6.841
200 700	12.218
10 710	4.301
50 710	5.160
100 710	6.914
200 710	12.338
10 720	4.375
50 720	5.233
100 720	6.977
200 720	12.384
10 730	4.419
50 730	5.293
100 730	7.036
200 730	12.450
10 740	4.472
50 740	5.345
100 740	7.086
200 740	12.500
10 750	4.562
50 750	5.405
100 750	7.216
200 750	12.576
10 760	4.637
50 760	5.476
100 760	7.243
200 760	12.657
10 770	4.709
50 770	5.544
100 770	7.350
200 770	12.719
10 780	4.790
50 780	5.639
100 780	7.403
200 780	12.800
10 790	4.865
50 790	5.741
100 790	7.518
200 790	12.887
10 800	4.954
50 800	5.808
100 800	7.605
200 800	13.264
10 810	5.043
50 810	5.939
100 810	7.728
200 810	13.343
10 820	5.147
50 820	6.016
100 820	7.821
200 820	13.380
10 830	5.279
50 830	6.151
100 830	7.959
200 830	13.384
10 840	5.373
50 840	6.263
100 840	8.039
200 840	13.411
10 850	5.496
50 850	6.390
100 850	8.164
200 850	13.431
10 860	5.584
50 860	6.497
100 860	8.255
200 860	13.466
10 870	5.693
50 870	6.615
100 870	8.368
200 870	13.503
10 880	5.860
50 880	6.729
100 880	8.498
200 880	13.586
10 890	5.988
50 890	6.884
100 890	8.593
200 890	13.678
10 900	6.126
50 900	7.018
100 900	9.076
200 900	13.697
10 910	6.278
50 910	7.192
100 910	9.144
200 910	13.760
10 920	6.421
50 920	7.257
100 920	9.206
200 920	13.819
10 930	6.556
50 930	7.478
100 930	9.334
200 930	13.899
10 940	6.763
50 940	7.570
100 940	9.369
200 940	14.015
10 950	6.868
50 950	8.136
100 950	9.460
200 950	14.100
10 960	7.112
50 960	8.107
100 960	9.507
200 960	14.139
10 970	7.135
50 970	8.162
100 970	9.573
200 970	14.040
10 980	7.270
50 980	8.218
100 980	9.664
200 980	14.116
10 990	7.777
50 990	8.291
100 990	9.689
200 990	14.175
10 1000	8.332
50 1000	8.872
100 1000 10.223
200 1000 14.617

